[/Script/EngineSettings.GeneralProjectSettings]
ProjectID=5C6C9B90437B1E9547C100B3B319820B
ProjectName=Third Person Game Template

[/Script/project_BEAM.BeamCharacterSettings]
Walk_VelocityMax=500.000000
Jump_VelocityMax=500.000000
Jump_Force=500.000000
MaxAcceleration=10000.000000
GroundFriction=0.100000
GravityScale=1.000000
Mass=100.000000
BreakingDecelerationWalking=2000.000000
AirControl=0.200000
MaxFlySpeed=500.000000
FallingLateralFriction=0.000000
BrakingFrictionFactor=10000.000000
BrakingFrictionFactorFly=20.000000
Fly_MaxSpeed=150.000000
Fly_BrakingFrictionFactor=2.000000
Fly_DashForce=70000.000000

